===
MeshPositions
===
1.643868 1.233718 0.5380043
===
1.674342 -1.213232 2.932806
===
1.573964 1.261933 -4.307898
===
-0.9101795 -1.142392 -6.691232
===
1.518273 -1.1539 -6.725622
===
-3.279051 1.263775 -4.188313
===
3.929394 1.269034 -6.767906
===
1.517725 1.269254 -6.723372
===
-0.7377534 1.218884 2.989496
===
-0.7594014 3.654024 0.5848204
===
-3.29284 -1.1525 -4.20855
===
-3.19532 1.259964 0.6078862
===
1.681961 1.205144 2.953872
===
-3.239871 -1.163157 -1.801782
===
-0.8959355 1.280691 -6.680219
===
-0.7886627 -1.173626 0.5557655
===
-0.8104218 1.267295 -1.846911
===
3.981608 -1.166742 -4.366279
===
1.660283 3.640321 0.5492389
===
-0.8594238 -1.156654 -4.284385
===
-0.7758502 1.246281 0.5729557
===
-3.228492 1.262978 -1.814293
===
-0.80425 -1.174373 -1.843161
===
1.695804 3.625059 2.968932
===
1.560093 -1.161572 -4.330026
===
-0.8457515 1.270214 -4.27152
===
3.978506 1.252498 -4.349856
===
1.63803 -1.194817 0.5131434
===
1.610177 1.243734 -1.888201
===
1.601719 -1.176401 -1.906525
===
MeshRotations
===
0.7096065 0.003245974 -0.006953316 0.7045565
===
0.7097621 0.004080084 -0.006539894 0.7043993
===
0.7097621 0.004080084 -0.006539894 0.7043993
===
0.7093179 0.005302069 -0.007754589 0.7048261
===
0.7090532 0.006010213 -0.007347153 0.7050911
===
0.7083314 0.007176386 -0.0100866 0.7057715
===
0.709263 0.005599608 -0.006915939 0.7048878
===
0.709138 0.005457218 -0.007796166 0.7050056
===
0.7092909 0.003185281 -0.007205637 0.704872
===
0.7092909 0.003185281 -0.007205637 0.704872
===
0.7082768 0.004657525 -0.008919299 0.7058631
===
0.7100043 0.003269063 -0.007042443 0.7041546
===
0.7092965 0.003189771 -0.007202307 0.7048663
===
0.7080894 0.005015187 -0.008514848 0.7060537
===
0.7095464 0.005612581 -0.007169809 0.7045999
===
0.7096065 0.003245974 -0.006953316 0.7045565
===
0.710009 0.003201886 -0.006970537 0.7041508
===
0.7097944 0.005394254 -0.007057244 0.7043529
===
0.7092965 0.003189771 -0.007202307 0.7048663
===
0.7098299 0.005179126 -0.00652466 0.7043239
===
0.7096065 0.003245974 -0.006953316 0.7045565
===
0.7092909 0.003185349 -0.007205566 0.7048719
===
0.7091054 0.005094766 -0.007718893 0.7050419
===
0.7092965 0.003189771 -0.007202307 0.7048663
===
0.7096484 0.005394905 -0.006536138 0.7045051
===
0.7097621 0.004080084 -0.006539894 0.7043993
===
0.7096674 0.005152761 -0.006581355 0.7044873
===
0.7097621 0.004080084 -0.006539894 0.7043993
===
0.7097476 0.004024309 -0.006594667 0.7044137
===
0.7097621 0.004080084 -0.006539894 0.7043993
